array wrk,5                                                                                                                                                                                                                                               
init wrk,0,1,1,1,1,0                                                                                                                                                                                                                                      
as kpol,174                                                                                                                                                                                                                                               
as fpol,  1                                                                                                                                                                                                                                               
as mpol, 29                                                                                                                                                                                                                                               
as x0,2                                                                                                                                                                                                                                                   
array a1,401                                                                                                                                                                                                                                              
array b1,401                                                                                                                                                                                                                                              
array c1,401                                                                                                                                                                                                                                              
array d1,401                                                                                                                                                                                                                                              
array a2,401                                                                                                                                                                                                                                              
array b2,401                                                                                                                                                                                                                                              
array c2,401                                                                                                                                                                                                                                              
array d2,401                                                                                                                                                                                                                                              
array a3,401                                                                                                                                                                                                                                              
array b3,401                                                                                                                                                                                                                                              
array c3,401                                                                                                                                                                                                                                              
array d3,401                                                                                                                                                                                                                                              
init a1,0,22,20,34,39,43,31,31,31,36,36,17,20,22,13,10,36,41,34,39,31,39,24,17,24,27,43,22,27,17,43,8,27,24,24,31,36,27,36,36,3,17,17,20,13,62,50,39,39,29,29,24,20,29,13,27,60,0,31,36,43                                                                
init a1,60,22,31,10,39,17,29,27,62,20,13,15,31,41,0,24,13,31,34,31,27,53,31,20,1,15,22,29,46,22,29,22,41,39,17,39,22,22,31,34,29,5,55,27,8,29,43,36,29,46,31,53,55,39,41,53,34,43,31,36,36                                                                
init a1,120,53,31,34,39,36,48,39,39,34,39,24,65,31,43,22,36,39,24,22,20,22,22,17,34,84,0,39,36,46,50,22,34,24,24,34,50,48,55,22,29,24,22,60,39,24,34,31,22,36,62,0,41,41,0                                                                                
;nit a1,180,50,50,50,50,50,60,50,50                                                                                                                                                                                                                       
;nit a1,240,50,50,50,50,50,50,50,60                                                                                                                                                                                                                       
init b1,0,28,22,28,30,44,26,26,26,37,33,30,44,24,33,30,39,35,26,50,35,39,39,46,26,37,46,41,46,97,44,22,39,35,35,35,59,66,37,37,39,70,75,59,68,59,70,66,48,68,68,41,68,75,41,66,73,2,53,66,55                                                              
init b1,60,59,77,41,41,48,50,61,84,53,39,39,64,61,59,53,68,55,57,66,66,66,57,53,44,55,55,68,84,66,75,61,70,66,93,88,81,81,75,77,99,46,77,48,41,70,77,77,70,86,64,86,90,86,101,97,90,90,84,64,101                                                          
init b1,120,86,86,68,77,99,97,81,77,90,101,97,101,95,70,99,99,101,77,68,95,95,95,90,97,95,19,101,97,99,101,99,95,99,99,86,101,53,68,97,88,97,97,101,39,101,93,95,95,101,59,0,101,101,88                                                                   
;nit b1,180,44,44,44,44,44,44,44,44                                                                                                                                                                                                                       
;nit b1,240,44,44,44,44,44,44,44,44                                                                                                                                                                                                                       
init c1,0,60,52,64,72,77,67,72,67,67,72,61,70,63,67,63,85,81,69,64,70,70,67,60,64,63,81,56,68,63,78,46,72,56,68,64,63,74,63,69,65,47,56,50,37,45,60,24,48,47,48,32,56,51,34,55,63,0,48,65,51                                                              
init c1,60,30,48,33,37,42,46,41,58,50,33,41,52,45,34,39,39,60,36,34,38,43,23,45,15,12,33,24,32,28,19,29,47,41,47,37,36,28,24,25,32,33,51,23,25,20,25,32,23,29,0,17,29,20,86,39,1,2,7,1,8                                                                  
init c1,120,25,17,3,16,11,10,23,10,0,12,5,12,0,0,1,10,11,3,5,0,3,3,19,8,29,0,10,7,3,23,8,0,10,6,5,14,58,47,0,0,5,6,39,23,15,0,0,0,0,63,0,0,0,0                                                                                                            
;nit c1,180,33,33,33,33,33,33,33,33                                                                                                                                                                                                                       
;nit c1,240,33,33,33,33,33,33,33,33                                                                                                                                                                                                                       
init d1,0,53,59,43,56,54,54,51,54,53,53,34,38,34,33                                                                                                                                                                                                       
init d1,60,59,57,52,64,66,76                                                                                                                                                                                                                              
;nit d1,120,40,40,40,40,40,40,40,40                                                                                                                                                                                                                       
;nit d1,180,40,40,40,40,40,40,40,40                                                                                                                                                                                                                       
;nit d1,240,40,40,40,40,40,40,40,40                                                                                                                                                                                                                       
init a2,0,47,47,47,50,54,54,50,50,54,54,50,47,47,43,40,43,47,47,50,50,54,50,47,47,47,50,47,47,43,50,43,43,43,43,43,47,47,50,50,43,43,40,40,40,50,54,58,58,58,54,50,47,47,43,43,54,29,33,40,43                                                             
init a2,60,43,43,40,43,43,43,43,54,50,47,43,43,47,40,40,40,40,43,43,43,54,50,47,43,40,40,40,47,47,47,47,50,50,47,50,47,47,47,47,47,43,50,50,43,47,50,50,50,54,54,61,65,65,65,68,65,65,61,58,58                                                            
init a2,120,65,61,58,58,58,61,61,61,58,58,54,65,61,61,58,58,58,54,50,47,47,47,43,47,61,0,8,18,26,36,36,40,40,40,43,50,54,61,58,54,54,50,58,61,54,54,54,50,54,61,33,40,43,36                                                                               
;nit a2,180,50,50,50,50,50,50,50,50                                                                                                                                                                                                                       
;nit a2,240,50,50,50,50,50,50,50,50                                                                                                                                                                                                                       
init b2,0,50,47,47,47,54,50,50,50,54,54,54,58,54,54,54,58,58,54,61,61,61,61,65,61,61,65,65,68,89,86,79,75,72,68,68,75,82,79,75,75,82,93,93,100,100,101,101,100,101,101,100,101,101,100,101,101,89,89,93,93                                                
init b2,60,97,101,97,93,89,89,93,101,100,93,89,93,97,97,97,100,100,100,100,101,101,101,101,97,97,97,100,101,101,101,101,101,101,101,101,101,101,101,101,101,101,101,101,101,101,101,101,101,101,101,101,101,101,101,101,101,101,101,101,101               
init b2,120,101,101,101,101,101,101,101,101,101,101,101,101,101,101,101,101,101,101,101,101,101,101,101,101,101,101,101,101,101,101,101,101,101,101,101,101,101,101,101,101,101,101,101,101,101,101,101,101,101,101,101,101,101,101                       
;nit b2,180,44,44,44,44,44,44,44,44                                                                                                                                                                                                                       
;nit b2,240,44,44,44,44,44,44,44,44                                                                                                                                                                                                                       
init c2,0,47,43,47,50,54,54,54,54,54,54,54,54,54,50,50,61,65,65,61,61,61,58,54,54,50,58,54,54,50,58,50,54,50,50,50,47,54,50,54,50,47,43,40,33,33,33,15,15,18,18,15,18,22,18,22,26,1,8,15,18                                                               
init c2,60,15,15,15,11,15,15,15,18,22,18,18,18,18,18,15,15,22,18,15,15,15,11,11,4,1,1,0,1,0,0,0,1,4,8,8,8,4,1,1,1,1,8,4,1,0,0,0,0,0,0,0,0,0,11,11,1,0,0,0,0                                                                                               
init c2,120,0,0,0,0,0,0,0,0,0,0,0,0,0,0,0,0,0,0,0,0,0,0,0,0,0,0,0,0,0,0,0,0,0,0,0,0,0,0,0,0,0,0,0,0,0,0,0,0,0,0,0,0,0,0                                                                                                                                   
;nit c2,180,33,33,33,33,33,33,33,33                                                                                                                                                                                                                       
;nit c2,240,33,33,33,33,33,33,33,33                                                                                                                                                                                                                       
init d2,0,50,54,50,50,50,50,50,50,50,43,40,36,36,33                                                                                                                                                                                                       
init d2,60,43,43,43,43,43,47                                                                                                                                                                                                                              
;nit d2,120,40,40,40,40,40,40,40,40                                                                                                                                                                                                                       
;nit d2,180,40,40,40,40,40,40,40,40                                                                                                                                                                                                                       
;nit d2,240,40,40,40,40,40,40,40,40                                                                                                                                                                                                                       
init a3,0,0,0,0,0,0,0,0,0,0,0,0,0,0,0,0,0,0,0,0,0,0,0,0,0,0,0,0,0,0,53,50,50,52,55,58,57,57,57,59,55,55,55,56,55,56,56,56,56,56,57,57,57,57,57,57,57,56,56,55,56                                                                                          
init a3,60,56,56,56,56,55,54,56,57,57,52,50,50,52,48,52,50,62,60,61,61,61,59,58,57,57,58,56,56,56,56,56,56,56,57,57,57,57,57,57,57,56,56,57,56,56,57,57,57,58,58,61,60,59,59,59,58,58,58,58,58                                                            
init a3,120,58,58,58,58,58,58,58,58,58,58,56,57,57,56,55,54,53,51,50,48,48,47,46,45,52,25,26,26,31,35,39,39,41,41,41,56,56,57,57,57,57,58,60,61,58,70,69,67,68,69,64,65,64,63                                                                             
;nit a3,180,50,50,50,50,50,50,50,50                                                                                                                                                                                                                       
;nit a3,240,50,50,50,50,50,50,50,50                                                                                                                                                                                                                       
init b3,0,0,0,0,0,0,0,0,0,0,0,0,0,0,0,0,0,0,0,0,0,0,0,0,0,0,0,0,0,0,74,72,70,69,69,71,71,72,71,64,63,62,62,60,61,60,60,59,59,59,59,58,58,59,58,58,58,57,58,58,58                                                                                          
init b3,60,58,58,57,57,56,55,56,56,54,45,46,46,46,51,51,53,60,56,58,63,61,59,59,58,59,59,57,57,57,58,58,58,58,59,59,59,59,60,60,60,59,60,60,60,59,60,60,60,61,59,60,60,60,60,59,59,59,59,58,58                                                            
init b3,120,59,59,59,59,59,60,59,59,60,61,61,61,62,60,60,60,62,63,63,59,59,58,59,64,64,55,56,58,59,60,59,58,57,57,57,61,57,56,57,56,56,56,59,55,62,65,67,68,67,65,58,58,56,59                                                                             
;nit b3,180,44,44,44,44,44,44,44,44                                                                                                                                                                                                                       
;nit b3,240,44,44,44,44,44,44,44,44                                                                                                                                                                                                                       
init c3,0,0,0,0,0,0,0,0,0,0,0,0,0,0,0,0,0,0,0,0,0,0,0,0,0,0,0,0,0,0,62,59,57,57,58,60,55,57,56,57,55,58,59,60,60,60,60,60,60,60,60,60,60,60,60,60,60,59,59,59,60                                                                                          
init c3,60,59,59,58,59,58,57,60,60,59,56,59,60,61,61,60,58,71,67,62,62,63,61,62,61,61,62,59,59,59,60,59,60,59,60,60,61,60,61,61,61,61,61,61,61,61,60,62,62,62,61,61,60,60,61,61,61,60,60,59,59                                                            
init c3,120,59,59,59,58,58,58,59,59,58,59,58,58,58,54,50,49,46,40,44,41,40,41,45,55,62,50,47,48,49,52,56,56,56,58,57,63,67,69,68,68,68,68,69,69,68,73,70,67,67,70,65,64,59,48                                                                             
;nit c3,180,33,33,33,33,33,33,33,33                                                                                                                                                                                                                       
;nit c3,240,33,33,33,33,33,33,33,33                                                                                                                                                                                                                       
init d3,0,0,0,0,0,0,0,0,0,0,0,0,0,0,0                                                                                                                                                                                                                     
init d3,60,49,48,47,47,48,50                                                                                                                                                                                                                              
;nit d3,120,40,40,40,40,40,40,40,40                                                                                                                                                                                                                       
;nit d3,180,40,40,40,40,40,40,40,40                                                                                                                                                                                                                       
;nit d3,240,40,40,40,40,40,40,40,40                                                                                                                                                                                                                       
as k,1                                                                                                                                                                                                                                                    
as l,12                                                                                                                                                                                                                                                   
one                                                                                                                                                                                                                                                       
if wrk[0]=2 goto 002                                                                                                                                                                                                                                      
if wrk[0]=3 goto 003                                                                                                                                                                                                                                      
001                                                                                                                                                                                                                                                       
as x0,43                                                                                                                                                                                                                                                  
draw 2,3,turbo_pr.cut                                                                                                                                                                                                                                     
draw 173,12,graf.cut                                                                                                                                                                                                                                      
draw 2,120,turbo_sg.cut                                                                                                                                                                                                                                   
draw 173,129,graf.cut                                                                                                                                                                                                                                     
draw 2,237,turbo_sk.cut                                                                                                                                                                                                                                   
draw 173,246,graf.cut                                                                                                                                                                                                                                     
box 11,x0,1,640-(x0),114                                                                                                                                                                                                                                  
draw 300,3,prived.cut                                                                                                                                                                                                                                     
goto 004                                                                                                                                                                                                                                                  
002                                                                                                                                                                                                                                                       
draw 2,3,maslo_pr.cut                                                                                                                                                                                                                                     
draw 173,12,graf.cut                                                                                                                                                                                                                                      
draw 2,120,maslo_sg.cut                                                                                                                                                                                                                                   
draw 173,129,graf.cut                                                                                                                                                                                                                                     
draw 2,237,maslo_sk.cut                                                                                                                                                                                                                                   
draw 173,246,graf.cut                                                                                                                                                                                                                                     
box 11,0,1,640,114                                                                                                                                                                                                                                        
draw 300,3,prived.cut                                                                                                                                                                                                                                     
goto 004                                                                                                                                                                                                                                                  
003                                                                                                                                                                                                                                                       
draw 2,3,vibro_pr.cut                                                                                                                                                                                                                                     
draw 173,12,graf.cut                                                                                                                                                                                                                                      
draw 2,120,vibro_sg.cut                                                                                                                                                                                                                                   
draw 173,129,graf.cut                                                                                                                                                                                                                                     
draw 2,237,vibro_sk.cut                                                                                                                                                                                                                                   
draw 173,246,graf.cut                                                                                                                                                                                                                                     
box 11,0,1,640,114                                                                                                                                                                                                                                        
draw 300,3,prived.cut                                                                                                                                                                                                                                     
004                                                                                                                                                                                                                                                       
if fpol<=50  goto 005                                                                                                                                                                                                                                     
if fpol<=100 goto 006                                                                                                                                                                                                                                     
if fpol<=150 goto 007                                                                                                                                                                                                                                     
if fpol<=200 goto 008                                                                                                                                                                                                                                     
if fpol<=250 goto 009                                                                                                                                                                                                                                     
if fpol<=300 goto 010                                                                                                                                                                                                                                     
if fpol<=350 goto 011                                                                                                                                                                                                                                     
if fpol<=400 goto 012                                                                                                                                                                                                                                     
if fpol<=450 goto 013                                                                                                                                                                                                                                     
if fpol<=500 goto 014                                                                                                                                                                                                                                     
if fpol> 500 goto 015                                                                                                                                                                                                                                     
005                                                                                                                                                                                                                                                       
draw 219,l+94,f050.cut                                                                                                                                                                                                                                    
draw 219,l+94+117,f050.cut                                                                                                                                                                                                                                
draw 219,l+94+234,f050.cut                                                                                                                                                                                                                                
as x,174+fpol                                                                                                                                                                                                                                             
goto 1111                                                                                                                                                                                                                                                 
006                                                                                                                                                                                                                                                       
draw 219,l+94,f100.cut                                                                                                                                                                                                                                    
draw 219,l+94+117,f100.cut                                                                                                                                                                                                                                
draw 219,l+94+234,f100.cut                                                                                                                                                                                                                                
as x,174+fpol-50                                                                                                                                                                                                                                          
goto 1111                                                                                                                                                                                                                                                 
007                                                                                                                                                                                                                                                       
draw 219,l+94,f150.cut                                                                                                                                                                                                                                    
draw 219,l+94+117,f150.cut                                                                                                                                                                                                                                
draw 219,l+94+234,f150.cut                                                                                                                                                                                                                                
as x,174+fpol-100                                                                                                                                                                                                                                         
goto 1111                                                                                                                                                                                                                                                 
008                                                                                                                                                                                                                                                       
draw 219,l+94,f200.cut                                                                                                                                                                                                                                    
draw 219,l+94+117,f200.cut                                                                                                                                                                                                                                
draw 219,l+94+234,f200.cut                                                                                                                                                                                                                                
as x,174+fpol-150                                                                                                                                                                                                                                         
goto 1111                                                                                                                                                                                                                                                 
009                                                                                                                                                                                                                                                       
draw 219,l+94,f250.cut                                                                                                                                                                                                                                    
draw 219,l+94+117,f250.cut                                                                                                                                                                                                                                
draw 219,l+94+234,f250.cut                                                                                                                                                                                                                                
as x,174+fpol-200                                                                                                                                                                                                                                         
goto 1111                                                                                                                                                                                                                                                 
010                                                                                                                                                                                                                                                       
draw 219,l+94,f300.cut                                                                                                                                                                                                                                    
draw 219,l+94+117,f300.cut                                                                                                                                                                                                                                
draw 219,l+94+234,f300.cut                                                                                                                                                                                                                                
as x,174+fpol-250                                                                                                                                                                                                                                         
goto 1111                                                                                                                                                                                                                                                 
011                                                                                                                                                                                                                                                       
draw 219,l+94,f350.cut                                                                                                                                                                                                                                    
draw 219,l+94+117,f350.cut                                                                                                                                                                                                                                
draw 219,l+94+234,f350.cut                                                                                                                                                                                                                                
as x,174+fpol-300                                                                                                                                                                                                                                         
goto 1111                                                                                                                                                                                                                                                 
012                                                                                                                                                                                                                                                       
draw 219,l+94,f400.cut                                                                                                                                                                                                                                    
draw 219,l+94+117,f400.cut                                                                                                                                                                                                                                
draw 219,l+94+234,f400.cut                                                                                                                                                                                                                                
as x,174+fpol-350                                                                                                                                                                                                                                         
goto 1111                                                                                                                                                                                                                                                 
013                                                                                                                                                                                                                                                       
draw 219,l+94,f450.cut                                                                                                                                                                                                                                    
draw 219,l+94+117,f450.cut                                                                                                                                                                                                                                
draw 219,l+94+234,f450.cut                                                                                                                                                                                                                                
as x,174+fpol-400                                                                                                                                                                                                                                         
goto 1111                                                                                                                                                                                                                                                 
014                                                                                                                                                                                                                                                       
draw 219,l+94,f500.cut                                                                                                                                                                                                                                    
draw 219,l+94+117,f500.cut                                                                                                                                                                                                                                
draw 219,l+94+234,f500.cut                                                                                                                                                                                                                                
as x,174+fpol-450                                                                                                                                                                                                                                         
goto 1111                                                                                                                                                                                                                                                 
015                                                                                                                                                                                                                                                       
draw 219,l+94,f550.cut                                                                                                                                                                                                                                    
draw 219,l+94+117,f550.cut                                                                                                                                                                                                                                
draw 219,l+94+234,f550.cut                                                                                                                                                                                                                                
as x,174+fpol-500                                                                                                                                                                                                                                         
goto 9999                                                                                                                                                                                                                                                 
1111                                                                                                                                                                                                                                                      
if wrk[1]=0 goto 3000                                                                                                                                                                                                                                     
as col,13                                                                                                                                                                                                                                                 
as j,0                                                                                                                                                                                                                                                    
2222                                                                                                                                                                                                                                                      
if k=1 line col,x+j,a1[j]+l,x+j+1,a1[j+1]+l                                                                                                                                                                                                               
if k=2 line col,x+j,a2[j]+l,x+j+1,a2[j+1]+l                                                                                                                                                                                                               
if k=3 & j>=30 line col,x+j,a3[j]+l,x+j+1,a3[j+1]+l                                                                                                                                                                                                       
inc j                                                                                                                                                                                                                                                     
if j<kpol-1 goto 2222                                                                                                                                                                                                                                     
3000                                                                                                                                                                                                                                                      
if wrk[2]=0 goto 4000                                                                                                                                                                                                                                     
as col,10                                                                                                                                                                                                                                                 
as j,0                                                                                                                                                                                                                                                    
3333                                                                                                                                                                                                                                                      
if k=1 line col,x+j,b1[j]+l,x+j+1,b1[j+1]+l                                                                                                                                                                                                               
if k=2 line col,x+j,b2[j]+l,x+j+1,b2[j+1]+l                                                                                                                                                                                                               
if k=3 & j>=30 line col,x+j,b3[j]+l,x+j+1,b3[j+1]+l                                                                                                                                                                                                       
inc j                                                                                                                                                                                                                                                     
if j<kpol-1 goto 3333                                                                                                                                                                                                                                     
4000                                                                                                                                                                                                                                                      
if wrk[3]=0 goto 5000                                                                                                                                                                                                                                     
as col,9                                                                                                                                                                                                                                                  
as j,0                                                                                                                                                                                                                                                    
4444                                                                                                                                                                                                                                                      
if k=1 line col,x+j,c1[j]+l,x+j+1,c1[j+1]+l                                                                                                                                                                                                               
if k=2 line col,x+j,c2[j]+l,x+j+1,c2[j+1]+l                                                                                                                                                                                                               
if k=3 & j>=30 line col,x+j,c3[j]+l,x+j+1,c3[j+1]+l                                                                                                                                                                                                       
inc j                                                                                                                                                                                                                                                     
if j<kpol-1 goto 4444                                                                                                                                                                                                                                     
5000                                                                                                                                                                                                                                                      
if wrk[4]=0 goto 6000                                                                                                                                                                                                                                     
as col,14                                                                                                                                                                                                                                                 
as j,0                                                                                                                                                                                                                                                    
5555                                                                                                                                                                                                                                                      
if k=1 line col,x+j,d1[j]+l,x+j+1,d1[j+1]+l                                                                                                                                                                                                               
if k=2 line col,x+j,d2[j]+l,x+j+1,d2[j+1]+l                                                                                                                                                                                                               
if k=3 & j>=30 line col,x+j,d3[j]+l,x+j+1,d3[j+1]+l                                                                                                                                                                                                       
inc j                                                                                                                                                                                                                                                     
if j<kpol-1 goto 5555                                                                                                                                                                                                                                     
6000                                                                                                                                                                                                                                                      
as k,k+1                                                                                                                                                                                                                                                  
if k=5 goto 9999                                                                                                                                                                                                                                          
as l,l+117                                                                                                                                                                                                                                                
if k=2 goto 6666                                                                                                                                                                                                                                          
if k=3 goto 7777                                                                                                                                                                                                                                          
9999                                                                                                                                                                                                                                                      
get cc                                                                                                                                                                                                                                                    
if cc exit                                                                                                                                                                                                                                                
goto 9999                                                                                                                                                                                                                                                 
6666                                                                                                                                                                                                                                                      
box 11,x0,118,640-x0,114                                                                                                                                                                                                                                  
draw 300,120,sglag.cut                                                                                                                                                                                                                                    
goto 1111                                                                                                                                                                                                                                                 
7777                                                                                                                                                                                                                                                      
box 11,x0,235,640-x0,114                                                                                                                                                                                                                                  
draw 300,237,skorost.cut                                                                                                                                                                                                                                  
goto 1111                                                                                                                                                                                                                                                 
