array wrk,5                                                                                                                                                                                                                                               
init wrk,0,2,2,1,1,1                                                                                                                                                                                                                                      
as kpol,174                                                                                                                                                                                                                                               
as fpol,  1                                                                                                                                                                                                                                               
as mpol, 34                                                                                                                                                                                                                                               
as x,174+fpol                                                                                                                                                                                                                                             
array a1,401                                                                                                                                                                                                                                              
array b1,401                                                                                                                                                                                                                                              
array c1,401                                                                                                                                                                                                                                              
array d1,401                                                                                                                                                                                                                                              
array a2,401                                                                                                                                                                                                                                              
array b2,401                                                                                                                                                                                                                                              
array c2,401                                                                                                                                                                                                                                              
array d2,401                                                                                                                                                                                                                                              
array a3,401                                                                                                                                                                                                                                              
array b3,401                                                                                                                                                                                                                                              
array c3,401                                                                                                                                                                                                                                              
array d3,401                                                                                                                                                                                                                                              
init a1,0,47,47,47,50,54,54,50,50,54,54,50,47,47,43,40,43,47,47,50,50,54,50,47,47,47,50,47,47,43,50,43,43,43,43,43,47,47,50,50,43,43,40,40,40,50,54,58,58,58,54,50,47,47,43,43,54,29,33,40,43                                                             
init a1,60,43,43,40,43,43,43,43,54,50,47,43,43,47,40,40,40,40,43,43,43,54,50,47,43,40,40,40,47,47,47,47,50,50,47,50,47,47,47,47,47,43,50,50,43,47,50,50,50,54,54,61,65,65,65,68,65,65,61,58,58                                                            
init a1,120,65,61,58,58,58,61,61,61,58,58,54,65,61,61,58,58,58,54,50,47,47,47,43,47,61,0,8,18,26,36,36,40,40,40,43,50,54,61,58,54,54,50,58,61,54,54,54,50,54,61,33,40,43,36                                                                               
;nit a1,180,50,50,50,50,50,50,60,50                                                                                                                                                                                                                       
;nit a1,240,50,50,50,50,50,50,50,60                                                                                                                                                                                                                       
init b1,0,50,47,47,47,54,50,50,50,54,54,54,58,54,54,54,58,58,54,61,61,61,61,65,61,61,65,65,68,89,86,79,75,72,68,68,75,82,79,75,75,82,93,93,100,100,101,101,100,101,101,100,101,101,100,101,101,89,89,93,93                                                
init b1,60,97,101,97,93,89,89,93,101,100,93,89,93,97,97,97,100,100,100,100,101,101,101,101,97,97,97,100,101,101,101,101,101,101,101,101,101,101,101,101,101,101,101,101,101,101,101,101,101,101,101,101,101,101,101,101,101,101,101,101,101               
init b1,120,101,101,101,101,101,101,101,101,101,101,101,101,101,101,101,101,101,101,101,101,101,101,101,101,101,101,101,101,101,101,101,101,101,101,101,101,101,101,101,101,101,101,101,101,101,101,101,101,101,101,101,101,101,101                       
;nit b1,180,44,44,44,44,44,44,44,44                                                                                                                                                                                                                       
;nit b1,240,44,44,44,44,44,44,44,44                                                                                                                                                                                                                       
init c1,0,47,43,47,50,54,54,54,54,54,54,54,54,54,50,50,61,65,65,61,61,61,58,54,54,50,58,54,54,50,58,50,54,50,50,50,47,54,50,54,50,47,43,40,33,33,33,15,15,18,18,15,18,22,18,22,26,1,8,15,18                                                               
init c1,60,15,15,15,11,15,15,15,18,22,18,18,18,18,18,15,15,22,18,15,15,15,11,11,4,1,1,0,1,0,0,0,1,4,8,8,8,4,1,1,1,1,8,4,1,0,0,0,0,0,0,0,0,0,11,11,1,0,0,0,0                                                                                               
init c1,120,0,0,0,0,0,0,0,0,0,0,0,0,0,0,0,0,0,0,0,0,0,0,0,0,0,0,0,0,0,0,0,0,0,0,0,0,0,0,0,0,0,0,0,0,0,0,0,0,0,0,0,0,0,0                                                                                                                                   
;nit c1,180,33,33,33,33,33,33,33,33                                                                                                                                                                                                                       
;nit c1,240,33,33,33,33,33,33,33,33                                                                                                                                                                                                                       
init d1,0,0                                                                                                                                                                                                                                               
;nit d1,60,40,40,40,40,40,40,40,40                                                                                                                                                                                                                        
;nit d1,120,40,40,40,40,40,40,40,40                                                                                                                                                                                                                       
;nit d1,180,40,40,40,40,40,40,40,40                                                                                                                                                                                                                       
;nit d1,240,40,40,40,40,40,40,40,40                                                                                                                                                                                                                       
init a2,0,54,65,72,68,61,61,58,58,50,47,43,36,36,26,18,8,8,0,4,22,26,36,43,43,54,61,68,72,75,79,82,93,97,97,97,93,89,93,101,97,82,68,61,72,79,86,50,47,40,36,36,36,33,33,26,26,26,22,22,22                                                                
init a2,60,22,22,22,22,36,33,29,26,40,40,43,47,40,36,36,33,43,40,36,33,29,36,29,26,40,40,33,29,29,26,26,33,26,36,29,29,26,26,26,26,26,26,26,18,43,36,33,54,50,61,82,97,101,101,101,101,101,86,79,86                                                       
init a2,120,100,101,93,101,101,101,101,101,101,101,101,101,101,101,101,101,101,101,101,101,101,101,101,101,101,101,101,101,101,101,101,101,101,101,101,101,101,100,100,101,101,101,101,101,101,101,101,101,101,101,101,101,101,101                        
;nit a2,60,50,50,50,50,50,50,50,50                                                                                                                                                                                                                        
;nit a2,80,50,50,50,50,50,50,50,50                                                                                                                                                                                                                        
init b2,0,50,47,58,54,54,54,54,54,50,50,50,50,54,58,58,58,58,58,54,54,50,50,43,43,40,40,40,40,40,40,36,36,40,40,40,40,40,40,40,36,40,40,43,47,54,58,68,72,82,82,79,89,101,97,93,89,101,97,82,82                                                           
init b2,60,79,79,79,93,101,100,101,101,101,101,101,101,101,101,101,101,101,101,101,101,101,101,97,89,100,101,101,101,101,101,101,101,101,101,101,101,100,93,101,101,100,89,82,79,75,72,75,89,82,79,79,75,65,50,43,47,54,68,61,54                          
init b2,120,47,47,40,40,40,33,26,22,33,29,40,33,36,40,43,43,40,36,36,40,36,40,36,29,29,29,33,36,29,33,29,36,43,40,43,50,33,29,29,43,50,58,50,47,40,40,40,36,36,18,1,11,22,33                                                                              
;nit b2,60,44,44,44,44,44,44,44,44                                                                                                                                                                                                                        
;nit b2,80,44,44,44,44,44,44,44,44                                                                                                                                                                                                                        
init c2,0,54,50,47,47,47,47,50,54,54,58,58,58,58,58,58,58,58,54,58,54,58,58,58,58,61,61,61,54,54,54,54,54,54,58,58,58,58,58,61,61,58,58,47,47,50,50,50,47,47,50,50,50,50,47,50,50,36,40,40,47                                                             
init c2,60,47,47,47,47,47,47,47,47,47,47,47,47,50,50,50,50,50,50,50,50,43,43,47,47,47,43,43,47,47,47,47,47,47,40,40,43,47,54,50,50,50,50,50,47,47,47,43,43,50,58,61,68,68,72,72,72,72,65,68,72                                                            
init c2,120,72,75,72,72,68,72,72,75,75,75,75,75,75,75,72,72,72,75,75,75,79,79,79,75,72,68,68,68,72,72,72,72,72,72,72,75,75,79,75,75,75,75,79,79,72,75,75,75,75,79,79,79,79,79                                                                             
;nit c2,60,33,33,33,33,33,33,33,33                                                                                                                                                                                                                        
;nit c2,80,33,33,33,33,33,33,33,33                                                                                                                                                                                                                        
init d2,0,50,54,50,58,54,50,50,47,47,50,50,47,43,47,47,47,54,54,58,54,58,54,54,54,54,54,50,54,50,54,47,47,47,47,47,47,47,47,50,47,47,43,43,40,40,47,33,33,33,36,33,36,40,36,36,40,18,22,26,29                                                             
init d2,60,29,33,33,33,33,33,36,50,50,40,40,40,40,29,26,29,33,33,33,36,36,33,22,26,26,26,26,29,29,29,29,36,36,33,36,43,40,40,40,47,54,68,75,75,79,86,93,93,100,101,101,101,101,101,101,101,101,101,101,101                                                
init d2,120,101,101,101,101,101,101,101,100,100,100,101,101,101,101,101,101,101,101,100,100,101,101,89,97,101,86,93,97,100,101,89,97,100,100,101,101,101,97,93,97,100,101,101,89,72,75,82,72,79,82,61,68,82,75                                            
;nit d2,60,40,40,40,40,40,40,40,40                                                                                                                                                                                                                        
;nit d2,80,40,40,40,40,40,40,40,40                                                                                                                                                                                                                        
init a3,0,50,54,54,54,54,54,54,50,50,47,47,47,47,47,47,47,47,47,47,47,47,50,50,50,50,50,50,50,50,50,50,50,50,50,50,50,50,50,47,47,50,54,54,54,54,54,58,58,58,58,58,54,54,54,54,54,58,58,58,54                                                             
init a3,60,54,54,58,54,54,58,54,58,58,58,58,58,58,61,58,58,58,58,58,54,58,58,58,58,58,58,58,58,58,58,61,58,58,58,58,58,61,61,61,61,61,61,61,65,61,61,61,61,58,58,58,58,58,61,61,61,61,58,61,58                                                            
init a3,120,58,58,58,54,54,58,58,58,58,58,58,58,58,58,54,54,54,54,54,58,58,58,58,58,58,58,58,58,58,58,58,58,58,58,58,58,54,54,54,54,54,54,58,58,58,58,58,54,50,50,50,47,47,43                                                                             
;nit a3,60,50,50,50,50,50,50,50,50                                                                                                                                                                                                                        
;nit a3,80,50,50,50,50,50,50,50,50                                                                                                                                                                                                                        
init b3,0,50,47,50,50,50,50,50,50,50,50,54,54,54,54,54,54,54,54,54,54,54,54,54,54,54,54,50,50,50,54,54,50,50,50,50,50,54,54,54,54,50,50,50,50,50,50,47,47,47,50,50,50,50,50,50,50,50,50,50,50                                                             
init b3,60,50,50,50,50,54,54,54,54,54,54,54,54,54,50,50,54,54,54,54,54,50,50,50,50,50,50,50,50,47,50,47,47,47,47,47,47,50,50,50,50,50,50,50,50,50,50,50,50,50,50,50,50,50,50,50,54,50,50,50,50                                                            
init b3,120,50,50,50,50,54,54,54,54,54,54,54,54,54,54,47,47,50,50,50,54,54,54,54,54,54,54,54,54,54,54,54,54,54,47,47,50,50,50,50,50,54,54,54,54,54,50,47,47,40,47,47,43,40,36                                                                             
;nit b3,60,44,44,44,44,44,44,44,44                                                                                                                                                                                                                        
;nit b3,80,44,44,44,44,44,44,44,44                                                                                                                                                                                                                        
init c3,0,50,50,50,54,54,50,50,50,50,47,47,47,47,47,47,47,47,47,47,47,47,50,50,50,50,50,50,50,50,50,50,50,50,50,50,50,50,50,50,50,50,50,50,54,54,50,68,68,65,61,61,58,58,58,54,58,54,54,54,54                                                             
init c3,60,54,54,58,54,54,54,54,54,54,54,50,50,50,50,54,54,50,54,54,54,54,54,54,54,54,54,58,58,58,58,58,58,61,58,61,61,61,61,61,61,58,58,58,58,54,54,54,58,54,54,54,50,50,54,54,54,54,54,54,54                                                            
init c3,120,50,50,50,50,50,50,50,50,47,47,50,50,50,50,54,50,50,50,50,47,50,54,54,54,54,50,50,50,50,50,47,47,47,47,47,47,50,54,54,50,47,47,50,50,50,54,54,54,54,54,54,58,58,58                                                                             
;nit c3,60,33,33,33,33,33,33,33,33                                                                                                                                                                                                                        
;nit c3,80,33,33,33,33,33,33,33,33                                                                                                                                                                                                                        
init d3,0,50,50,50,50,50,50,50,50,50,50,50,50,50,50,50,50,50,50,50,50,50,50,47,50,47,50,50,47,47,47,47,47,47,47,47,47,47,47,47,47,47,47,47,47,47,50,61,61,58,54,54,50,54,54,50,50,50,47,47,47                                                             
init d3,60,47,47,50,47,47,47,47,50,47,47,47,47,47,47,47,47,47,47,47,47,47,50,47,47,47,47,47,47,50,50,50,50,50,47,47,50,50,47,47,47,47,47,47,47,47,47,47,47,43,43,43,43,43,43,43,43,43,40,40,40                                                            
init d3,120,40,40,40,43,43,43,43,43,40,43,43,43,43,43,47,43,43,43,43,43,40,43,43,43,43,43,40,40,40,40,40,40,40,29,33,33,40,43,47,43,40,43,47,43,43,43,43,47,43,50,54,54,50,54                                                                             
;nit d3,60,40,40,40,40,40,40,40,40                                                                                                                                                                                                                        
;nit d3,80,40,40,40,40,40,40,40,40                                                                                                                                                                                                                        
as k,1                                                                                                                                                                                                                                                    
as l,21                                                                                                                                                                                                                                                   
one                                                                                                                                                                                                                                                       
if wrk[0]=2 goto 002                                                                                                                                                                                                                                      
if wrk[0]=3 goto 003                                                                                                                                                                                                                                      
001                                                                                                                                                                                                                                                       
draw 2,12,turbo_pr.cut                                                                                                                                                                                                                                    
draw 173,21,graf.cut                                                                                                                                                                                                                                      
draw 2,126,maslo_pr.cut                                                                                                                                                                                                                                   
draw 173,135,graf.cut                                                                                                                                                                                                                                     
draw 2,240,vibro_pr.cut                                                                                                                                                                                                                                   
draw 173,249,graf.cut                                                                                                                                                                                                                                     
box 11,0,0,640,350                                                                                                                                                                                                                                        
draw 230,4,privlg.cut                                                                                                                                                                                                                                     
goto 004                                                                                                                                                                                                                                                  
002                                                                                                                                                                                                                                                       
draw 2,12,turbo_sg.cut                                                                                                                                                                                                                                    
draw 173,21,graf.cut                                                                                                                                                                                                                                      
draw 2,126,maslo_sg.cut                                                                                                                                                                                                                                   
draw 173,135,graf.cut                                                                                                                                                                                                                                     
draw 2,240,vibro_sg.cut                                                                                                                                                                                                                                   
draw 173,249,graf.cut                                                                                                                                                                                                                                     
box 11,0,0,640,350                                                                                                                                                                                                                                        
draw 230,4,sglalg.cut                                                                                                                                                                                                                                     
goto 004                                                                                                                                                                                                                                                  
003                                                                                                                                                                                                                                                       
draw 2,12,turbo_sk.cut                                                                                                                                                                                                                                    
draw 173,21,graf.cut                                                                                                                                                                                                                                      
draw 2,126,maslo_sk.cut                                                                                                                                                                                                                                   
draw 173,135,graf.cut                                                                                                                                                                                                                                     
draw 2,240,vibro_sk.cut                                                                                                                                                                                                                                   
draw 173,249,graf.cut                                                                                                                                                                                                                                     
box 11,0,0,640,350                                                                                                                                                                                                                                        
draw 230,4,skorlg.cut                                                                                                                                                                                                                                     
if mpol<30 goto 8888                                                                                                                                                                                                                                      
goto 004                                                                                                                                                                                                                                                  
8888                                                                                                                                                                                                                                                      
draw 323,71,msg.cut                                                                                                                                                                                                                                       
draw 323,185,msg.cut                                                                                                                                                                                                                                      
draw 323,299,msg.cut                                                                                                                                                                                                                                      
goto 9999                                                                                                                                                                                                                                                 
004                                                                                                                                                                                                                                                       
if fpol<=50  goto 005                                                                                                                                                                                                                                     
if fpol<=100 goto 006                                                                                                                                                                                                                                     
if fpol<=150 goto 007                                                                                                                                                                                                                                     
if fpol<=200 goto 008                                                                                                                                                                                                                                     
if fpol<=250 goto 009                                                                                                                                                                                                                                     
if fpol<=300 goto 010                                                                                                                                                                                                                                     
if fpol<=350 goto 011                                                                                                                                                                                                                                     
if fpol<=400 goto 012                                                                                                                                                                                                                                     
if fpol<=450 goto 013                                                                                                                                                                                                                                     
if fpol<=500 goto 014                                                                                                                                                                                                                                     
if fpol> 500 goto 015                                                                                                                                                                                                                                     
005                                                                                                                                                                                                                                                       
draw 219,l+94,f050.cut                                                                                                                                                                                                                                    
draw 219,l+94+114,f050.cut                                                                                                                                                                                                                                
draw 219,l+94+228,f050.cut                                                                                                                                                                                                                                
as x,174+fpol                                                                                                                                                                                                                                             
goto 1111                                                                                                                                                                                                                                                 
006                                                                                                                                                                                                                                                       
draw 219,l+94,f100.cut                                                                                                                                                                                                                                    
draw 219,l+94+114,f100.cut                                                                                                                                                                                                                                
draw 219,l+94+228,f100.cut                                                                                                                                                                                                                                
as x,174+fpol-50                                                                                                                                                                                                                                          
goto 1111                                                                                                                                                                                                                                                 
007                                                                                                                                                                                                                                                       
draw 219,l+94,f150.cut                                                                                                                                                                                                                                    
draw 219,l+94+114,f150.cut                                                                                                                                                                                                                                
draw 219,l+94+228,f150.cut                                                                                                                                                                                                                                
as x,174+fpol-100                                                                                                                                                                                                                                         
goto 1111                                                                                                                                                                                                                                                 
008                                                                                                                                                                                                                                                       
draw 219,l+94,f200.cut                                                                                                                                                                                                                                    
draw 219,l+94+114,f200.cut                                                                                                                                                                                                                                
draw 219,l+94+228,f200.cut                                                                                                                                                                                                                                
as x,174+fpol-150                                                                                                                                                                                                                                         
goto 1111                                                                                                                                                                                                                                                 
009                                                                                                                                                                                                                                                       
draw 219,l+94,f250.cut                                                                                                                                                                                                                                    
draw 219,l+94+114,f250.cut                                                                                                                                                                                                                                
draw 219,l+94+228,f250.cut                                                                                                                                                                                                                                
as x,174+fpol-200                                                                                                                                                                                                                                         
goto 1111                                                                                                                                                                                                                                                 
010                                                                                                                                                                                                                                                       
draw 219,l+94,f300.cut                                                                                                                                                                                                                                    
draw 219,l+94+114,f300.cut                                                                                                                                                                                                                                
draw 219,l+94+228,f300.cut                                                                                                                                                                                                                                
as x,174+fpol-250                                                                                                                                                                                                                                         
goto 1111                                                                                                                                                                                                                                                 
011                                                                                                                                                                                                                                                       
draw 219,l+94,f350.cut                                                                                                                                                                                                                                    
draw 219,l+94+114,f350.cut                                                                                                                                                                                                                                
draw 219,l+94+228,f350.cut                                                                                                                                                                                                                                
as x,174+fpol-300                                                                                                                                                                                                                                         
goto 1111                                                                                                                                                                                                                                                 
012                                                                                                                                                                                                                                                       
draw 219,l+94,f400.cut                                                                                                                                                                                                                                    
draw 219,l+94+114,f400.cut                                                                                                                                                                                                                                
draw 219,l+94+228,f400.cut                                                                                                                                                                                                                                
as x,174+fpol-350                                                                                                                                                                                                                                         
goto 1111                                                                                                                                                                                                                                                 
013                                                                                                                                                                                                                                                       
draw 219,l+94,f450.cut                                                                                                                                                                                                                                    
draw 219,l+94+114,f450.cut                                                                                                                                                                                                                                
draw 219,l+94+228,f450.cut                                                                                                                                                                                                                                
as x,174+fpol-400                                                                                                                                                                                                                                         
goto 1111                                                                                                                                                                                                                                                 
014                                                                                                                                                                                                                                                       
draw 219,l+94,f500.cut                                                                                                                                                                                                                                    
draw 219,l+94+114,f500.cut                                                                                                                                                                                                                                
draw 219,l+94+228,f500.cut                                                                                                                                                                                                                                
as x,174+fpol-450                                                                                                                                                                                                                                         
goto 1111                                                                                                                                                                                                                                                 
015                                                                                                                                                                                                                                                       
draw 219,l+94,f550.cut                                                                                                                                                                                                                                    
draw 219,l+94+114,f550.cut                                                                                                                                                                                                                                
draw 219,l+94+228,f550.cut                                                                                                                                                                                                                                
as x,174+fpol-500                                                                                                                                                                                                                                         
goto 9999                                                                                                                                                                                                                                                 
1111                                                                                                                                                                                                                                                      
if wrk[1]=0 goto 3000                                                                                                                                                                                                                                     
as col,13                                                                                                                                                                                                                                                 
as j,0                                                                                                                                                                                                                                                    
2222                                                                                                                                                                                                                                                      
if k=1 line col,x+j,a1[j]+l,x+j+1,a1[j+1]+l                                                                                                                                                                                                               
if k=2 line col,x+j,a2[j]+l,x+j+1,a2[j+1]+l                                                                                                                                                                                                               
if k=3 line col,x+j,a3[j]+l,x+j+1,a3[j+1]+l                                                                                                                                                                                                               
inc j                                                                                                                                                                                                                                                     
if j<kpol-1 goto 2222                                                                                                                                                                                                                                     
3000                                                                                                                                                                                                                                                      
if wrk[2]=0 goto 4000                                                                                                                                                                                                                                     
as col,10                                                                                                                                                                                                                                                 
as j,0                                                                                                                                                                                                                                                    
3333                                                                                                                                                                                                                                                      
if k=1 line col,x+j,b1[j]+l,x+j+1,b1[j+1]+l                                                                                                                                                                                                               
if k=2 line col,x+j,b2[j]+l,x+j+1,b2[j+1]+l                                                                                                                                                                                                               
if k=3 line col,x+j,b3[j]+l,x+j+1,b3[j+1]+l                                                                                                                                                                                                               
inc j                                                                                                                                                                                                                                                     
if j<kpol-1 goto 3333                                                                                                                                                                                                                                     
4000                                                                                                                                                                                                                                                      
if wrk[3]=0 goto 5000                                                                                                                                                                                                                                     
as col,9                                                                                                                                                                                                                                                  
as j,0                                                                                                                                                                                                                                                    
4444                                                                                                                                                                                                                                                      
if k=1 line col,x+j,c1[j]+l,x+j+1,c1[j+1]+l                                                                                                                                                                                                               
if k=2 line col,x+j,c2[j]+l,x+j+1,c2[j+1]+l                                                                                                                                                                                                               
if k=3 line col,x+j,c3[j]+l,x+j+1,c3[j+1]+l                                                                                                                                                                                                               
inc j                                                                                                                                                                                                                                                     
if j<kpol-1 goto 4444                                                                                                                                                                                                                                     
5000                                                                                                                                                                                                                                                      
if wrk[4]=0 goto 6000                                                                                                                                                                                                                                     
as col,14                                                                                                                                                                                                                                                 
as j,0                                                                                                                                                                                                                                                    
5555                                                                                                                                                                                                                                                      
if k=1 goto 6000                                                                                                                                                                                                                                          
if k=2 line col,x+j,d2[j]+l,x+j+1,d2[j+1]+l                                                                                                                                                                                                               
if k=3 line col,x+j,d3[j]+l,x+j+1,d3[j+1]+l                                                                                                                                                                                                               
inc j                                                                                                                                                                                                                                                     
if j<kpol-1 goto 5555                                                                                                                                                                                                                                     
6000                                                                                                                                                                                                                                                      
as k,k+1                                                                                                                                                                                                                                                  
if k=5 goto 9999                                                                                                                                                                                                                                          
if k=2 goto 1010                                                                                                                                                                                                                                          
if k=3 goto 1010                                                                                                                                                                                                                                          
9999                                                                                                                                                                                                                                                      
get cc                                                                                                                                                                                                                                                    
if cc exit                                                                                                                                                                                                                                                
goto 9999                                                                                                                                                                                                                                                 
1010                                                                                                                                                                                                                                                      
as l,l+114                                                                                                                                                                                                                                                
goto 1111                                                                                                                                                                                                                                                 
