array wrk,5                                                                                                                                                                                                                                               
init wrk,0,1,1,1,1,0                                                                                                                                                                                                                                      
as kpol,145                                                                                                                                                                                                                                               
as fpol, 82                                                                                                                                                                                                                                               
as mpol, 29                                                                                                                                                                                                                                               
as x0,2                                                                                                                                                                                                                                                   
array a1,401                                                                                                                                                                                                                                              
array b1,401                                                                                                                                                                                                                                              
array c1,401                                                                                                                                                                                                                                              
array d1,401                                                                                                                                                                                                                                              
array a2,401                                                                                                                                                                                                                                              
array b2,401                                                                                                                                                                                                                                              
array c2,401                                                                                                                                                                                                                                              
array d2,401                                                                                                                                                                                                                                              
array a3,401                                                                                                                                                                                                                                              
array b3,401                                                                                                                                                                                                                                              
array c3,401                                                                                                                                                                                                                                              
array d3,401                                                                                                                                                                                                                                              
init a1,0,53,67,72,69,62,62,55,60,72,72,55,62,69,69,53,55,72,69,53,79,55,69,58,55,62,62,58,55,67,81,43,62,53,76,50,69,65,69,60,62,65,50,58,62,55,60,76,79,58,53,53,58,74,69,60,67,55,67,58,53                                                             
init a1,60,60,53,50,58,46,65,55,60,53,67,50,53,0,76,53,53,50,53,79,79,60,65,53,65,50,60,55,62,60,74,65,60,58,60,48,58,62,55,58,58,72,62,79,79,79,60,50,15,53,48,58,60,58,60,58,60,60,60,60,60                                                             
init a1,120,67,58,62,60,43,48,60,60,43,62,76,65,58,53,65,58,55,72,53,60,72,76,58,62,74                                                                                                                                                                    
;nit a1,180,50,50,50,50,50,60,50,50                                                                                                                                                                                                                       
;nit a1,240,50,50,50,50,50,50,50,60                                                                                                                                                                                                                       
init b1,0,66,70,97,73,77,81,70,77,79,75,77,93,50,77,66,66,68,88,68,75,77,77,77,84,81,88,81,79,75,77,50,66,66,66,66,99,75,75,59,61,68,64,75,88,73,73,68,73,77,68,88,75,84,53,70,75,70,75,77,73                                                             
init b1,60,48,70,55,57,44,46,48,48,55,46,61,64,70,64,44,70,44,61,55,50,61,61,55,57,61,55,33,48,44,46,41,30,30,35,44,44,39,37,28,41,44,37,66,66,66,59,50,28,37,44,26,53,30,33,46,35,44,33,37,41                                                            
init b1,120,37,28,48,35,48,61,41,55,26,41,41,44,28,75,33,19,24,57,39,48,50,39,39,50,35                                                                                                                                                                    
;nit b1,180,44,44,44,44,44,44,44,44                                                                                                                                                                                                                       
;nit b1,240,44,44,44,44,44,44,44,44                                                                                                                                                                                                                       
init c1,0,73,77,101,81,85,90,88,101,96,86,94,92,83,85,86,82,96,99,77,77,86,91,87,76,85,101,87,83,83,85,70,82,76,79,85,100,92,88,72,77,94,72,85,82,82,81,83,94,90,72,79,90,86,99,85,86,79,85,83,74                                                         
init c1,60,76,73,70,70,73,79,79,85,76,83,69,70,83,77,76,74,72,76,88,91,79,76,76,81,82,72,72,69,65,65,88,74,59,72,63,63,72,67,59,56,60,69,86,81,96,70,69,42,76,70,55,63,63,69,58,65,61,69,64,63                                                            
init c1,120,64,58,65,65,58,76,63,60,50,72,74,77,59,67,60,67,55,63,60,58,79,78,64,65,73                                                                                                                                                                    
;nit c1,180,33,33,33,33,33,33,33,33                                                                                                                                                                                                                       
;nit c1,240,33,33,33,33,33,33,33,33                                                                                                                                                                                                                       
init d1,0,53,59,43,56,54,54,51,54,53,53,34,38,34,33                                                                                                                                                                                                       
init d1,60,59,57,52,64,66,76                                                                                                                                                                                                                              
;nit d1,120,40,40,40,40,40,40,40,40                                                                                                                                                                                                                       
;nit d1,180,40,40,40,40,40,40,40,40                                                                                                                                                                                                                       
;nit d1,240,40,40,40,40,40,40,40,40                                                                                                                                                                                                                       
init a2,0,65,65,65,68,65,65,61,61,61,65,61,61,61,65,61,58,61,65,61,65,61,65,61,58,58,58,58,54,58,65,58,58,54,61,58,61,61,61,61,61,61,58,58,58,54,54,61,65,61,61,58,54,61,61,61,61,61,61,58,58                                                             
init a2,60,58,54,54,50,50,54,50,54,50,54,50,50,26,36,40,40,40,43,50,58,58,58,58,58,54,54,54,54,54,61,61,58,58,58,54,54,54,54,54,54,58,58,61,68,72,68,61,50,50,50,50,50,50,54,54,54,54,54,54,54                                                            
init a2,120,58,54,54,54,50,50,50,50,47,50,58,58,58,54,58,54,54,58,54,58,61,65,61,61,65                                                                                                                                                                    
;nit a2,180,50,50,50,50,50,50,50,50                                                                                                                                                                                                                       
;nit a2,240,50,50,50,50,50,50,50,50                                                                                                                                                                                                                       
init b2,0,54,54,61,61,58,61,58,58,58,58,58,61,54,54,50,50,47,54,50,54,54,54,54,58,58,61,61,61,61,61,54,50,47,47,47,58,54,54,50,47,47,47,47,54,54,54,50,50,50,50,54,54,58,50,50,50,50,50,54,50                                                             
init b2,60,47,47,43,40,33,33,29,26,29,26,26,29,33,33,29,33,29,29,29,29,29,33,29,29,33,29,26,22,22,22,11,8,8,4,8,8,8,8,4,8,8,8,15,22,26,26,26,18,18,18,11,15,11,8,11,8,11,8,8,8                                                                            
init b2,120,8,4,8,8,11,15,15,18,11,11,11,11,8,18,15,8,4,11,8,11,15,11,11,15,11                                                                                                                                                                            
;nit b2,180,44,44,44,44,44,44,44,44                                                                                                                                                                                                                       
;nit b2,240,44,44,44,44,44,44,44,44                                                                                                                                                                                                                       
init c2,0,50,47,61,58,58,58,61,68,72,68,68,72,65,61,61,58,65,68,65,58,58,61,61,54,54,65,61,61,58,58,50,50,47,47,47,58,61,61,54,54,58,54,54,50,50,50,50,54,58,50,50,54,54,61,58,58,54,54,54,50                                                             
init c2,60,47,47,43,40,40,40,40,43,43,43,40,40,40,40,40,40,40,40,43,47,47,47,43,43,47,43,40,40,36,33,36,36,33,33,29,29,29,29,26,22,22,22,29,33,43,40,40,29,33,33,26,26,26,26,22,22,22,26,22,22                                                            
init c2,120,22,22,22,22,22,22,22,22,18,22,26,29,26,26,22,26,22,22,22,18,22,26,26,26,29                                                                                                                                                                    
;nit c2,180,33,33,33,33,33,33,33,33                                                                                                                                                                                                                       
;nit c2,240,33,33,33,33,33,33,33,33                                                                                                                                                                                                                       
init d2,0,50,54,50,50,50,50,50,50,50,43,40,36,36,33                                                                                                                                                                                                       
init d2,60,43,43,43,43,43,47                                                                                                                                                                                                                              
;nit d2,120,40,40,40,40,40,40,40,40                                                                                                                                                                                                                       
;nit d2,180,40,40,40,40,40,40,40,40                                                                                                                                                                                                                       
;nit d2,240,40,40,40,40,40,40,40,40                                                                                                                                                                                                                       
init a3,0,0,0,0,0,0,0,0,0,0,0,0,0,0,0,0,0,0,0,0,0,0,0,0,0,0,0,0,0,0,53,51,51,50,53,53,55,54,54,56,52,56,52,55,55,54,51,56,60,57,55,55,57,61,59,61,61,57,53,54,57                                                                                          
init a3,60,55,56,51,52,49,50,49,46,46,49,49,48,29,30,30,26,28,28,32,34,34,37,61,61,63,65,66,69,66,63,64,62,74,70,68,68,68,67,64,62,62,61,56,58,60,59,58,55,56,56,55,55,52,51,48,47,46,52,53,59                                                            
init a3,120,59,58,55,51,41,38,41,49,47,50,54,56,59,62,69,71,68,62,64,62,59,70,88,5,24                                                                                                                                                                     
;nit a3,180,50,50,50,50,50,50,50,50                                                                                                                                                                                                                       
;nit a3,240,50,50,50,50,50,50,50,50                                                                                                                                                                                                                       
init b3,0,0,0,0,0,0,0,0,0,0,0,0,0,0,0,0,0,0,0,0,0,0,0,0,0,0,0,0,0,0,62,56,50,56,52,51,56,55,52,51,49,52,54,51,54,52,42,38,39,41,42,52,56,60,57,59,58,59,60,63,66                                                                                          
init b3,60,56,56,50,47,41,41,38,35,28,22,21,17,17,24,24,27,25,26,26,26,34,34,37,34,43,46,48,51,53,58,52,49,45,43,43,40,43,42,42,42,42,43,46,49,49,51,53,53,55,55,55,59,58,57,57,55,53,55,58,58                                                            
init b3,120,61,53,48,41,36,39,36,44,39,39,45,45,49,64,65,61,59,59,62,67,70,93,101,21,45                                                                                                                                                                   
;nit b3,180,44,44,44,44,44,44,44,44                                                                                                                                                                                                                       
;nit b3,240,44,44,44,44,44,44,44,44                                                                                                                                                                                                                       
init c3,0,0,0,0,0,0,0,0,0,0,0,0,0,0,0,0,0,0,0,0,0,0,0,0,0,0,0,0,0,0,58,50,45,47,47,47,48,47,49,51,51,58,56,57,60,59,49,49,55,58,54,55,62,65,68,68,70,68,64,65,68                                                                                          
init c3,60,62,60,55,48,47,50,51,50,45,48,49,45,47,44,44,41,39,39,44,45,48,54,56,64,68,69,69,68,64,55,59,60,56,54,52,53,54,55,54,53,50,49,52,52,55,55,55,53,57,61,59,58,57,56,53,52,50,54,51,49                                                            
init c3,120,61,61,53,49,38,39,41,46,37,36,41,48,53,57,68,67,67,61,67,66,65,73,101,13,34                                                                                                                                                                   
;nit c3,180,33,33,33,33,33,33,33,33                                                                                                                                                                                                                       
;nit c3,240,33,33,33,33,33,33,33,33                                                                                                                                                                                                                       
init d3,0,0,0,0,0,0,0,0,0,0,0,0,0,0,0                                                                                                                                                                                                                     
init d3,60,49,48,47,47,48,50                                                                                                                                                                                                                              
;nit d3,120,40,40,40,40,40,40,40,40                                                                                                                                                                                                                       
;nit d3,180,40,40,40,40,40,40,40,40                                                                                                                                                                                                                       
;nit d3,240,40,40,40,40,40,40,40,40                                                                                                                                                                                                                       
as k,1                                                                                                                                                                                                                                                    
as l,12                                                                                                                                                                                                                                                   
one                                                                                                                                                                                                                                                       
if wrk[0]=2 goto 002                                                                                                                                                                                                                                      
if wrk[0]=3 goto 003                                                                                                                                                                                                                                      
001                                                                                                                                                                                                                                                       
as x0,43                                                                                                                                                                                                                                                  
draw 2,3,turbo_pr.cut                                                                                                                                                                                                                                     
draw 173,12,graf.cut                                                                                                                                                                                                                                      
draw 2,120,turbo_sg.cut                                                                                                                                                                                                                                   
draw 173,129,graf.cut                                                                                                                                                                                                                                     
draw 2,237,turbo_sk.cut                                                                                                                                                                                                                                   
draw 173,246,graf.cut                                                                                                                                                                                                                                     
box 11,x0,1,640-(x0),114                                                                                                                                                                                                                                  
draw 300,3,prived.cut                                                                                                                                                                                                                                     
goto 004                                                                                                                                                                                                                                                  
002                                                                                                                                                                                                                                                       
draw 2,3,maslo_pr.cut                                                                                                                                                                                                                                     
draw 173,12,graf.cut                                                                                                                                                                                                                                      
draw 2,120,maslo_sg.cut                                                                                                                                                                                                                                   
draw 173,129,graf.cut                                                                                                                                                                                                                                     
draw 2,237,maslo_sk.cut                                                                                                                                                                                                                                   
draw 173,246,graf.cut                                                                                                                                                                                                                                     
box 11,0,1,640,114                                                                                                                                                                                                                                        
draw 300,3,prived.cut                                                                                                                                                                                                                                     
goto 004                                                                                                                                                                                                                                                  
003                                                                                                                                                                                                                                                       
draw 2,3,vibro_pr.cut                                                                                                                                                                                                                                     
draw 173,12,graf.cut                                                                                                                                                                                                                                      
draw 2,120,vibro_sg.cut                                                                                                                                                                                                                                   
draw 173,129,graf.cut                                                                                                                                                                                                                                     
draw 2,237,vibro_sk.cut                                                                                                                                                                                                                                   
draw 173,246,graf.cut                                                                                                                                                                                                                                     
box 11,0,1,640,114                                                                                                                                                                                                                                        
draw 300,3,prived.cut                                                                                                                                                                                                                                     
004                                                                                                                                                                                                                                                       
if fpol<=50  goto 005                                                                                                                                                                                                                                     
if fpol<=100 goto 006                                                                                                                                                                                                                                     
if fpol<=150 goto 007                                                                                                                                                                                                                                     
if fpol<=200 goto 008                                                                                                                                                                                                                                     
if fpol<=250 goto 009                                                                                                                                                                                                                                     
if fpol<=300 goto 010                                                                                                                                                                                                                                     
if fpol<=350 goto 011                                                                                                                                                                                                                                     
if fpol<=400 goto 012                                                                                                                                                                                                                                     
if fpol<=450 goto 013                                                                                                                                                                                                                                     
if fpol<=500 goto 014                                                                                                                                                                                                                                     
if fpol> 500 goto 015                                                                                                                                                                                                                                     
005                                                                                                                                                                                                                                                       
draw 219,l+94,f050.cut                                                                                                                                                                                                                                    
draw 219,l+94+117,f050.cut                                                                                                                                                                                                                                
draw 219,l+94+234,f050.cut                                                                                                                                                                                                                                
as x,174+fpol                                                                                                                                                                                                                                             
goto 1111                                                                                                                                                                                                                                                 
006                                                                                                                                                                                                                                                       
draw 219,l+94,f100.cut                                                                                                                                                                                                                                    
draw 219,l+94+117,f100.cut                                                                                                                                                                                                                                
draw 219,l+94+234,f100.cut                                                                                                                                                                                                                                
as x,174+fpol-50                                                                                                                                                                                                                                          
goto 1111                                                                                                                                                                                                                                                 
007                                                                                                                                                                                                                                                       
draw 219,l+94,f150.cut                                                                                                                                                                                                                                    
draw 219,l+94+117,f150.cut                                                                                                                                                                                                                                
draw 219,l+94+234,f150.cut                                                                                                                                                                                                                                
as x,174+fpol-100                                                                                                                                                                                                                                         
goto 1111                                                                                                                                                                                                                                                 
008                                                                                                                                                                                                                                                       
draw 219,l+94,f200.cut                                                                                                                                                                                                                                    
draw 219,l+94+117,f200.cut                                                                                                                                                                                                                                
draw 219,l+94+234,f200.cut                                                                                                                                                                                                                                
as x,174+fpol-150                                                                                                                                                                                                                                         
goto 1111                                                                                                                                                                                                                                                 
009                                                                                                                                                                                                                                                       
draw 219,l+94,f250.cut                                                                                                                                                                                                                                    
draw 219,l+94+117,f250.cut                                                                                                                                                                                                                                
draw 219,l+94+234,f250.cut                                                                                                                                                                                                                                
as x,174+fpol-200                                                                                                                                                                                                                                         
goto 1111                                                                                                                                                                                                                                                 
010                                                                                                                                                                                                                                                       
draw 219,l+94,f300.cut                                                                                                                                                                                                                                    
draw 219,l+94+117,f300.cut                                                                                                                                                                                                                                
draw 219,l+94+234,f300.cut                                                                                                                                                                                                                                
as x,174+fpol-250                                                                                                                                                                                                                                         
goto 1111                                                                                                                                                                                                                                                 
011                                                                                                                                                                                                                                                       
draw 219,l+94,f350.cut                                                                                                                                                                                                                                    
draw 219,l+94+117,f350.cut                                                                                                                                                                                                                                
draw 219,l+94+234,f350.cut                                                                                                                                                                                                                                
as x,174+fpol-300                                                                                                                                                                                                                                         
goto 1111                                                                                                                                                                                                                                                 
012                                                                                                                                                                                                                                                       
draw 219,l+94,f400.cut                                                                                                                                                                                                                                    
draw 219,l+94+117,f400.cut                                                                                                                                                                                                                                
draw 219,l+94+234,f400.cut                                                                                                                                                                                                                                
as x,174+fpol-350                                                                                                                                                                                                                                         
goto 1111                                                                                                                                                                                                                                                 
013                                                                                                                                                                                                                                                       
draw 219,l+94,f450.cut                                                                                                                                                                                                                                    
draw 219,l+94+117,f450.cut                                                                                                                                                                                                                                
draw 219,l+94+234,f450.cut                                                                                                                                                                                                                                
as x,174+fpol-400                                                                                                                                                                                                                                         
goto 1111                                                                                                                                                                                                                                                 
014                                                                                                                                                                                                                                                       
draw 219,l+94,f500.cut                                                                                                                                                                                                                                    
draw 219,l+94+117,f500.cut                                                                                                                                                                                                                                
draw 219,l+94+234,f500.cut                                                                                                                                                                                                                                
as x,174+fpol-450                                                                                                                                                                                                                                         
goto 1111                                                                                                                                                                                                                                                 
015                                                                                                                                                                                                                                                       
draw 219,l+94,f550.cut                                                                                                                                                                                                                                    
draw 219,l+94+117,f550.cut                                                                                                                                                                                                                                
draw 219,l+94+234,f550.cut                                                                                                                                                                                                                                
as x,174+fpol-500                                                                                                                                                                                                                                         
goto 9999                                                                                                                                                                                                                                                 
1111                                                                                                                                                                                                                                                      
if wrk[1]=0 goto 3000                                                                                                                                                                                                                                     
as col,13                                                                                                                                                                                                                                                 
as j,0                                                                                                                                                                                                                                                    
2222                                                                                                                                                                                                                                                      
if k=1 line col,x+j,a1[j]+l,x+j+1,a1[j+1]+l                                                                                                                                                                                                               
if k=2 line col,x+j,a2[j]+l,x+j+1,a2[j+1]+l                                                                                                                                                                                                               
if k=3 & j>=30 line col,x+j,a3[j]+l,x+j+1,a3[j+1]+l                                                                                                                                                                                                       
inc j                                                                                                                                                                                                                                                     
if j<kpol-1 goto 2222                                                                                                                                                                                                                                     
3000                                                                                                                                                                                                                                                      
if wrk[2]=0 goto 4000                                                                                                                                                                                                                                     
as col,10                                                                                                                                                                                                                                                 
as j,0                                                                                                                                                                                                                                                    
3333                                                                                                                                                                                                                                                      
if k=1 line col,x+j,b1[j]+l,x+j+1,b1[j+1]+l                                                                                                                                                                                                               
if k=2 line col,x+j,b2[j]+l,x+j+1,b2[j+1]+l                                                                                                                                                                                                               
if k=3 & j>=30 line col,x+j,b3[j]+l,x+j+1,b3[j+1]+l                                                                                                                                                                                                       
inc j                                                                                                                                                                                                                                                     
if j<kpol-1 goto 3333                                                                                                                                                                                                                                     
4000                                                                                                                                                                                                                                                      
if wrk[3]=0 goto 5000                                                                                                                                                                                                                                     
as col,9                                                                                                                                                                                                                                                  
as j,0                                                                                                                                                                                                                                                    
4444                                                                                                                                                                                                                                                      
if k=1 line col,x+j,c1[j]+l,x+j+1,c1[j+1]+l                                                                                                                                                                                                               
if k=2 line col,x+j,c2[j]+l,x+j+1,c2[j+1]+l                                                                                                                                                                                                               
if k=3 & j>=30 line col,x+j,c3[j]+l,x+j+1,c3[j+1]+l                                                                                                                                                                                                       
inc j                                                                                                                                                                                                                                                     
if j<kpol-1 goto 4444                                                                                                                                                                                                                                     
5000                                                                                                                                                                                                                                                      
if wrk[4]=0 goto 6000                                                                                                                                                                                                                                     
as col,14                                                                                                                                                                                                                                                 
as j,0                                                                                                                                                                                                                                                    
5555                                                                                                                                                                                                                                                      
if k=1 line col,x+j,d1[j]+l,x+j+1,d1[j+1]+l                                                                                                                                                                                                               
if k=2 line col,x+j,d2[j]+l,x+j+1,d2[j+1]+l                                                                                                                                                                                                               
if k=3 & j>=30 line col,x+j,d3[j]+l,x+j+1,d3[j+1]+l                                                                                                                                                                                                       
inc j                                                                                                                                                                                                                                                     
if j<kpol-1 goto 5555                                                                                                                                                                                                                                     
6000                                                                                                                                                                                                                                                      
as k,k+1                                                                                                                                                                                                                                                  
if k=5 goto 9999                                                                                                                                                                                                                                          
as l,l+117                                                                                                                                                                                                                                                
if k=2 goto 6666                                                                                                                                                                                                                                          
if k=3 goto 7777                                                                                                                                                                                                                                          
9999                                                                                                                                                                                                                                                      
get cc                                                                                                                                                                                                                                                    
if cc exit                                                                                                                                                                                                                                                
goto 9999                                                                                                                                                                                                                                                 
6666                                                                                                                                                                                                                                                      
box 11,x0,118,640-x0,114                                                                                                                                                                                                                                  
draw 300,120,sglag.cut                                                                                                                                                                                                                                    
goto 1111                                                                                                                                                                                                                                                 
7777                                                                                                                                                                                                                                                      
box 11,x0,235,640-x0,114                                                                                                                                                                                                                                  
draw 300,237,skorost.cut                                                                                                                                                                                                                                  
goto 1111                                                                                                                                                                                                                                                 
