array wrk,5                                                                                                                                                                                                                                               
init wrk,0,2,2,1,1,1                                                                                                                                                                                                                                      
as kpol,145                                                                                                                                                                                                                                               
as fpol, 82                                                                                                                                                                                                                                               
as mpol, 34                                                                                                                                                                                                                                               
as x,174+fpol                                                                                                                                                                                                                                             
array a1,401                                                                                                                                                                                                                                              
array b1,401                                                                                                                                                                                                                                              
array c1,401                                                                                                                                                                                                                                              
array d1,401                                                                                                                                                                                                                                              
array a2,401                                                                                                                                                                                                                                              
array b2,401                                                                                                                                                                                                                                              
array c2,401                                                                                                                                                                                                                                              
array d2,401                                                                                                                                                                                                                                              
array a3,401                                                                                                                                                                                                                                              
array b3,401                                                                                                                                                                                                                                              
array c3,401                                                                                                                                                                                                                                              
array d3,401                                                                                                                                                                                                                                              
init a1,0,65,65,65,68,65,65,61,61,61,65,61,61,61,65,61,58,61,61,61,65,61,65,61,58,58,58,58,54,58,65,58,58,54,61,58,61,61,61,61,61,61,58,58,58,54,54,61,65,61,61,58,54,61,61,61,61,61,61,58,58                                                             
init a1,60,58,54,50,50,50,50,50,54,50,54,50,50,26,36,40,40,40,43,50,58,58,58,58,58,54,54,54,54,54,58,61,58,58,58,54,54,54,54,54,54,58,58,61,68,72,68,65,50,50,50,50,50,50,50,50,54,54,54,54,54                                                            
init a1,120,58,54,54,54,50,50,50,50,47,50,58,58,58,54,58,54,54,58,54,58,61,65,61,61,65                                                                                                                                                                    
;nit a1,180,50,50,50,50,50,50,60,50                                                                                                                                                                                                                       
;nit a1,240,50,50,50,50,50,50,50,60                                                                                                                                                                                                                       
init b1,0,54,54,61,61,58,61,58,58,58,58,58,61,54,54,54,50,50,54,54,54,54,54,54,58,58,61,65,65,61,61,54,50,47,47,47,58,54,54,50,47,47,47,47,54,54,54,50,50,50,50,54,54,58,50,50,50,50,50,50,50                                                             
init b1,60,43,47,43,40,36,33,29,26,29,26,29,29,33,33,29,33,29,33,29,29,29,33,29,29,33,29,26,22,22,22,18,15,11,8,11,11,11,11,8,8,8,8,15,22,26,26,26,18,18,18,11,15,11,8,11,8,11,8,8,8                                                                      
init b1,120,8,4,8,8,11,15,15,18,11,11,11,11,8,18,15,8,4,8,8,11,15,11,11,15,11                                                                                                                                                                             
;nit b1,180,44,44,44,44,44,44,44,44                                                                                                                                                                                                                       
;nit b1,240,44,44,44,44,44,44,44,44                                                                                                                                                                                                                       
init c1,0,50,47,61,58,54,58,58,68,72,68,68,68,65,61,61,58,65,68,65,58,58,61,61,54,54,61,61,58,58,54,50,50,47,47,47,58,61,61,54,50,54,50,50,50,50,47,47,54,58,50,47,50,54,61,58,58,54,54,54,50                                                             
init c1,60,47,43,40,36,36,36,36,40,40,40,36,36,36,36,36,36,33,33,40,47,47,43,40,43,43,40,36,33,29,29,36,33,29,29,26,22,22,22,18,15,11,15,22,26,40,36,33,22,26,26,18,18,15,18,15,15,11,15,15,15                                                            
init c1,120,15,11,11,11,11,15,15,11,8,11,15,18,15,18,15,15,11,11,11,8,15,18,18,18,18                                                                                                                                                                      
;nit c1,180,33,33,33,33,33,33,33,33                                                                                                                                                                                                                       
;nit c1,240,33,33,33,33,33,33,33,33                                                                                                                                                                                                                       
init d1,0,0                                                                                                                                                                                                                                               
;nit d1,60,40,40,40,40,40,40,40,40                                                                                                                                                                                                                        
;nit d1,120,40,40,40,40,40,40,40,40                                                                                                                                                                                                                       
;nit d1,180,40,40,40,40,40,40,40,40                                                                                                                                                                                                                       
;nit d1,240,40,40,40,40,40,40,40,40                                                                                                                                                                                                                       
init a2,0,58,50,43,40,33,29,26,29,29,26,26,26,22,26,26,26,26,26,29,47,47,43,43,43,47,58,54,79,72,61,50,43,36,33,29,26,26,26,33,36,36,33,33,36,33,33,33,33,29,33,29,26,26,43,40,40,43,43,43,47                                                             
init a2,60,50,50,54,54,50,47,43,43,43,43,40,36,33,29,36,50,47,50,40,33,40,47,47,43,43,40,36,33,33,29,29,33,36,36,33,33,33,36,33,33,33,29,33,33,36,33,40,43,40,33,36,40,36,36,47,43,43,40,40,61                                                            
init a2,120,65,65,58,58,50,50,54,54,50,47,47,47,47,47,43,40,36,33,33,50,43,36,33,36,33                                                                                                                                                                    
;nit a2,60,50,50,50,50,50,50,50,50                                                                                                                                                                                                                        
;nit a2,80,50,50,50,50,50,50,50,50                                                                                                                                                                                                                        
init b2,0,47,47,47,47,47,47,47,47,47,47,47,47,47,50,50,50,50,47,47,47,43,43,43,43,43,43,50,50,50,50,50,50,47,47,50,50,50,47,47,47,47,47,47,50,54,54,54,54,54,58,54,54,50,50,54,54,50,50,50,50                                                             
init b2,60,50,47,47,47,47,47,47,47,47,47,47,47,47,47,47,47,47,47,47,47,47,47,50,50,50,50,47,47,47,47,47,47,47,54,50,50,50,50,50,54,54,50,50,50,50,50,47,47,47,47,47,54,50,50,54,54,54,50,50,50                                                            
init b2,120,50,50,47,47,47,47,47,47,47,47,47,47,50,54,50,50,50,50,50,47,47,47,47,47,47                                                                                                                                                                    
;nit b2,60,44,44,44,44,44,44,44,44                                                                                                                                                                                                                        
;nit b2,80,44,44,44,44,44,44,44,44                                                                                                                                                                                                                        
init c2,0,40,40,43,43,43,43,43,43,40,43,43,40,40,43,40,40,40,43,43,43,43,40,40,43,43,43,43,50,47,47,47,47,47,47,47,47,47,47,47,47,47,47,47,43,43,43,43,43,43,43,43,43,36,36,36,36,40,40,40,43                                                             
init c2,60,43,43,43,43,43,43,43,43,43,43,43,43,47,47,43,43,43,43,43,43,43,43,43,43,43,43,43,43,43,43,43,47,47,43,43,47,43,43,43,43,43,47,47,47,47,47,47,47,47,47,47,43,47,47,43,43,43,43,47,47                                                            
init c2,120,54,65,58,54,50,50,50,47,47,43,43,43,43,43,43,47,47,47,43,36,40,40,40,40,43                                                                                                                                                                    
;nit c2,60,33,33,33,33,33,33,33,33                                                                                                                                                                                                                        
;nit c2,80,33,33,33,33,33,33,33,33                                                                                                                                                                                                                        
init d2,0,47,50,47,47,54,65,61,61,61,61,58,58,54,68,65,65,65,61,54,50,54,54,54,54,54,65,61,58,50,54,68,75,89,86,75,68,65,65,75,89,79,72,72,68,61,61,61,82,75,68,61,58,58,61,58,54,58,50,54,54                                                             
init d2,60,54,54,50,50,50,50,50,47,47,47,47,47,50,58,61,58,58,54,65,75,72,68,68,65,58,58,58,54,50,50,65,82,79,72,65,58,54,54,54,50,50,50,68,89,101,100,89,82,89,79,72,68,65,61,61,58,58,54,65,68                                                          
init d2,120,65,61,61,58,58,65,68,65,61,61,75,89,79,68,65,61,58,58,54,54,72,93,86,79,100                                                                                                                                                                   
;nit d2,60,40,40,40,40,40,40,40,40                                                                                                                                                                                                                        
;nit d2,80,40,40,40,40,40,40,40,40                                                                                                                                                                                                                        
init a3,0,50,50,50,50,50,47,50,47,50,50,50,50,50,50,50,50,50,50,50,50,50,50,50,50,50,50,54,54,54,54,54,50,54,54,54,54,54,54,54,50,50,50,50,50,50,50,50,50,50,50,50,50,50,54,50,50,50,50,50,50                                                             
init a3,60,50,50,50,50,50,50,50,50,50,47,50,50,50,50,50,50,50,50,50,50,50,50,50,50,50,54,50,54,50,50,50,50,50,50,50,54,50,50,50,47,50,50,50,50,50,50,50,50,50,50,50,50,50,50,50,47,47,47,50,50                                                            
init a3,120,50,50,50,50,50,50,50,50,50,50,50,50,50,50,50,50,50,54,54,54,54,54,54,54,54                                                                                                                                                                    
;nit a3,60,50,50,50,50,50,50,50,50                                                                                                                                                                                                                        
;nit a3,80,50,50,50,50,50,50,50,50                                                                                                                                                                                                                        
init b3,0,50,50,50,50,50,50,50,50,50,50,50,50,50,50,50,50,50,50,50,50,50,50,50,50,50,50,50,50,50,50,50,50,50,50,50,50,50,50,50,50,50,50,50,50,50,50,50,50,50,50,50,50,50,50,50,50,50,50,50,50                                                             
init b3,60,50,50,50,50,50,50,50,50,50,50,50,50,50,50,50,50,50,50,50,50,50,50,50,50,50,50,50,50,50,50,50,50,50,50,50,50,50,50,50,50,50,50,50,50,50,50,50,50,50,50,50,50,50,50,50,50,50,50,50,50                                                            
init b3,120,50,50,50,50,50,50,50,50,50,50,50,50,50,50,50,50,50,50,50,50,50,47,50,50,50                                                                                                                                                                    
;nit b3,60,44,44,44,44,44,44,44,44                                                                                                                                                                                                                        
;nit b3,80,44,44,44,44,44,44,44,44                                                                                                                                                                                                                        
init c3,0,43,40,43,43,43,47,47,47,47,47,47,47,43,40,43,43,43,47,43,40,43,43,47,47,43,43,40,36,36,36,36,40,40,36,36,33,36,40,40,43,43,43,47,47,47,47,47,43,47,47,43,40,43,43,43,47,43,40,43,43                                                             
init c3,60,43,43,47,47,47,47,47,47,47,47,43,40,40,36,40,43,43,43,43,47,43,40,43,43,40,40,40,43,43,43,47,47,47,47,43,40,43,43,43,43,43,40,43,43,43,43,47,47,47,47,47,47,47,47,47,47,47,47,43,43                                                            
init c3,120,43,43,43,47,47,47,47,47,47,47,43,40,43,43,43,47,43,40,43,43,40,40,40,43,40                                                                                                                                                                    
;nit c3,60,33,33,33,33,33,33,33,33                                                                                                                                                                                                                        
;nit c3,80,33,33,33,33,33,33,33,33                                                                                                                                                                                                                        
init d3,0,54,50,50,50,50,50,50,50,50,50,50,50,50,50,50,50,50,50,50,50,50,50,50,50,50,50,50,50,50,50,50,50,50,50,50,50,50,50,50,50,50,50,50,50,50,50,50,50,50,50,50,50,50,50,50,50,50,50,50,50                                                             
init d3,60,50,50,50,50,50,50,50,50,47,47,50,50,50,50,50,50,50,50,50,50,50,50,50,50,50,50,50,50,50,50,50,50,47,47,50,50,50,50,50,47,50,50,47,47,47,47,47,47,47,47,50,50,50,50,47,47,47,47,47,50                                                            
init d3,120,47,47,47,47,47,47,47,47,47,47,50,50,50,50,50,50,50,50,50,50,50,50,50,50,50                                                                                                                                                                    
;nit d3,60,40,40,40,40,40,40,40,40                                                                                                                                                                                                                        
;nit d3,80,40,40,40,40,40,40,40,40                                                                                                                                                                                                                        
as k,1                                                                                                                                                                                                                                                    
as l,21                                                                                                                                                                                                                                                   
one                                                                                                                                                                                                                                                       
if wrk[0]=2 goto 002                                                                                                                                                                                                                                      
if wrk[0]=3 goto 003                                                                                                                                                                                                                                      
001                                                                                                                                                                                                                                                       
draw 2,12,turbo_pr.cut                                                                                                                                                                                                                                    
draw 173,21,graf.cut                                                                                                                                                                                                                                      
draw 2,126,maslo_pr.cut                                                                                                                                                                                                                                   
draw 173,135,graf.cut                                                                                                                                                                                                                                     
draw 2,240,vibro_pr.cut                                                                                                                                                                                                                                   
draw 173,249,graf.cut                                                                                                                                                                                                                                     
box 11,0,0,640,350                                                                                                                                                                                                                                        
draw 230,4,privlg.cut                                                                                                                                                                                                                                     
goto 004                                                                                                                                                                                                                                                  
002                                                                                                                                                                                                                                                       
draw 2,12,turbo_sg.cut                                                                                                                                                                                                                                    
draw 173,21,graf.cut                                                                                                                                                                                                                                      
draw 2,126,maslo_sg.cut                                                                                                                                                                                                                                   
draw 173,135,graf.cut                                                                                                                                                                                                                                     
draw 2,240,vibro_sg.cut                                                                                                                                                                                                                                   
draw 173,249,graf.cut                                                                                                                                                                                                                                     
box 11,0,0,640,350                                                                                                                                                                                                                                        
draw 230,4,sglalg.cut                                                                                                                                                                                                                                     
goto 004                                                                                                                                                                                                                                                  
003                                                                                                                                                                                                                                                       
draw 2,12,turbo_sk.cut                                                                                                                                                                                                                                    
draw 173,21,graf.cut                                                                                                                                                                                                                                      
draw 2,126,maslo_sk.cut                                                                                                                                                                                                                                   
draw 173,135,graf.cut                                                                                                                                                                                                                                     
draw 2,240,vibro_sk.cut                                                                                                                                                                                                                                   
draw 173,249,graf.cut                                                                                                                                                                                                                                     
box 11,0,0,640,350                                                                                                                                                                                                                                        
draw 230,4,skorlg.cut                                                                                                                                                                                                                                     
if mpol<30 goto 8888                                                                                                                                                                                                                                      
goto 004                                                                                                                                                                                                                                                  
8888                                                                                                                                                                                                                                                      
draw 323,71,msg.cut                                                                                                                                                                                                                                       
draw 323,185,msg.cut                                                                                                                                                                                                                                      
draw 323,299,msg.cut                                                                                                                                                                                                                                      
goto 9999                                                                                                                                                                                                                                                 
004                                                                                                                                                                                                                                                       
if fpol<=50  goto 005                                                                                                                                                                                                                                     
if fpol<=100 goto 006                                                                                                                                                                                                                                     
if fpol<=150 goto 007                                                                                                                                                                                                                                     
if fpol<=200 goto 008                                                                                                                                                                                                                                     
if fpol<=250 goto 009                                                                                                                                                                                                                                     
if fpol<=300 goto 010                                                                                                                                                                                                                                     
if fpol<=350 goto 011                                                                                                                                                                                                                                     
if fpol<=400 goto 012                                                                                                                                                                                                                                     
if fpol<=450 goto 013                                                                                                                                                                                                                                     
if fpol<=500 goto 014                                                                                                                                                                                                                                     
if fpol> 500 goto 015                                                                                                                                                                                                                                     
005                                                                                                                                                                                                                                                       
draw 219,l+94,f050.cut                                                                                                                                                                                                                                    
draw 219,l+94+114,f050.cut                                                                                                                                                                                                                                
draw 219,l+94+228,f050.cut                                                                                                                                                                                                                                
as x,174+fpol                                                                                                                                                                                                                                             
goto 1111                                                                                                                                                                                                                                                 
006                                                                                                                                                                                                                                                       
draw 219,l+94,f100.cut                                                                                                                                                                                                                                    
draw 219,l+94+114,f100.cut                                                                                                                                                                                                                                
draw 219,l+94+228,f100.cut                                                                                                                                                                                                                                
as x,174+fpol-50                                                                                                                                                                                                                                          
goto 1111                                                                                                                                                                                                                                                 
007                                                                                                                                                                                                                                                       
draw 219,l+94,f150.cut                                                                                                                                                                                                                                    
draw 219,l+94+114,f150.cut                                                                                                                                                                                                                                
draw 219,l+94+228,f150.cut                                                                                                                                                                                                                                
as x,174+fpol-100                                                                                                                                                                                                                                         
goto 1111                                                                                                                                                                                                                                                 
008                                                                                                                                                                                                                                                       
draw 219,l+94,f200.cut                                                                                                                                                                                                                                    
draw 219,l+94+114,f200.cut                                                                                                                                                                                                                                
draw 219,l+94+228,f200.cut                                                                                                                                                                                                                                
as x,174+fpol-150                                                                                                                                                                                                                                         
goto 1111                                                                                                                                                                                                                                                 
009                                                                                                                                                                                                                                                       
draw 219,l+94,f250.cut                                                                                                                                                                                                                                    
draw 219,l+94+114,f250.cut                                                                                                                                                                                                                                
draw 219,l+94+228,f250.cut                                                                                                                                                                                                                                
as x,174+fpol-200                                                                                                                                                                                                                                         
goto 1111                                                                                                                                                                                                                                                 
010                                                                                                                                                                                                                                                       
draw 219,l+94,f300.cut                                                                                                                                                                                                                                    
draw 219,l+94+114,f300.cut                                                                                                                                                                                                                                
draw 219,l+94+228,f300.cut                                                                                                                                                                                                                                
as x,174+fpol-250                                                                                                                                                                                                                                         
goto 1111                                                                                                                                                                                                                                                 
011                                                                                                                                                                                                                                                       
draw 219,l+94,f350.cut                                                                                                                                                                                                                                    
draw 219,l+94+114,f350.cut                                                                                                                                                                                                                                
draw 219,l+94+228,f350.cut                                                                                                                                                                                                                                
as x,174+fpol-300                                                                                                                                                                                                                                         
goto 1111                                                                                                                                                                                                                                                 
012                                                                                                                                                                                                                                                       
draw 219,l+94,f400.cut                                                                                                                                                                                                                                    
draw 219,l+94+114,f400.cut                                                                                                                                                                                                                                
draw 219,l+94+228,f400.cut                                                                                                                                                                                                                                
as x,174+fpol-350                                                                                                                                                                                                                                         
goto 1111                                                                                                                                                                                                                                                 
013                                                                                                                                                                                                                                                       
draw 219,l+94,f450.cut                                                                                                                                                                                                                                    
draw 219,l+94+114,f450.cut                                                                                                                                                                                                                                
draw 219,l+94+228,f450.cut                                                                                                                                                                                                                                
as x,174+fpol-400                                                                                                                                                                                                                                         
goto 1111                                                                                                                                                                                                                                                 
014                                                                                                                                                                                                                                                       
draw 219,l+94,f500.cut                                                                                                                                                                                                                                    
draw 219,l+94+114,f500.cut                                                                                                                                                                                                                                
draw 219,l+94+228,f500.cut                                                                                                                                                                                                                                
as x,174+fpol-450                                                                                                                                                                                                                                         
goto 1111                                                                                                                                                                                                                                                 
015                                                                                                                                                                                                                                                       
draw 219,l+94,f550.cut                                                                                                                                                                                                                                    
draw 219,l+94+114,f550.cut                                                                                                                                                                                                                                
draw 219,l+94+228,f550.cut                                                                                                                                                                                                                                
as x,174+fpol-500                                                                                                                                                                                                                                         
goto 9999                                                                                                                                                                                                                                                 
1111                                                                                                                                                                                                                                                      
if wrk[1]=0 goto 3000                                                                                                                                                                                                                                     
as col,13                                                                                                                                                                                                                                                 
as j,0                                                                                                                                                                                                                                                    
2222                                                                                                                                                                                                                                                      
if k=1 line col,x+j,a1[j]+l,x+j+1,a1[j+1]+l                                                                                                                                                                                                               
if k=2 line col,x+j,a2[j]+l,x+j+1,a2[j+1]+l                                                                                                                                                                                                               
if k=3 line col,x+j,a3[j]+l,x+j+1,a3[j+1]+l                                                                                                                                                                                                               
inc j                                                                                                                                                                                                                                                     
if j<kpol-1 goto 2222                                                                                                                                                                                                                                     
3000                                                                                                                                                                                                                                                      
if wrk[2]=0 goto 4000                                                                                                                                                                                                                                     
as col,10                                                                                                                                                                                                                                                 
as j,0                                                                                                                                                                                                                                                    
3333                                                                                                                                                                                                                                                      
if k=1 line col,x+j,b1[j]+l,x+j+1,b1[j+1]+l                                                                                                                                                                                                               
if k=2 line col,x+j,b2[j]+l,x+j+1,b2[j+1]+l                                                                                                                                                                                                               
if k=3 line col,x+j,b3[j]+l,x+j+1,b3[j+1]+l                                                                                                                                                                                                               
inc j                                                                                                                                                                                                                                                     
if j<kpol-1 goto 3333                                                                                                                                                                                                                                     
4000                                                                                                                                                                                                                                                      
if wrk[3]=0 goto 5000                                                                                                                                                                                                                                     
as col,9                                                                                                                                                                                                                                                  
as j,0                                                                                                                                                                                                                                                    
4444                                                                                                                                                                                                                                                      
if k=1 line col,x+j,c1[j]+l,x+j+1,c1[j+1]+l                                                                                                                                                                                                               
if k=2 line col,x+j,c2[j]+l,x+j+1,c2[j+1]+l                                                                                                                                                                                                               
if k=3 line col,x+j,c3[j]+l,x+j+1,c3[j+1]+l                                                                                                                                                                                                               
inc j                                                                                                                                                                                                                                                     
if j<kpol-1 goto 4444                                                                                                                                                                                                                                     
5000                                                                                                                                                                                                                                                      
if wrk[4]=0 goto 6000                                                                                                                                                                                                                                     
as col,14                                                                                                                                                                                                                                                 
as j,0                                                                                                                                                                                                                                                    
5555                                                                                                                                                                                                                                                      
if k=1 goto 6000                                                                                                                                                                                                                                          
if k=2 line col,x+j,d2[j]+l,x+j+1,d2[j+1]+l                                                                                                                                                                                                               
if k=3 line col,x+j,d3[j]+l,x+j+1,d3[j+1]+l                                                                                                                                                                                                               
inc j                                                                                                                                                                                                                                                     
if j<kpol-1 goto 5555                                                                                                                                                                                                                                     
6000                                                                                                                                                                                                                                                      
as k,k+1                                                                                                                                                                                                                                                  
if k=5 goto 9999                                                                                                                                                                                                                                          
if k=2 goto 1010                                                                                                                                                                                                                                          
if k=3 goto 1010                                                                                                                                                                                                                                          
9999                                                                                                                                                                                                                                                      
get cc                                                                                                                                                                                                                                                    
if cc exit                                                                                                                                                                                                                                                
goto 9999                                                                                                                                                                                                                                                 
1010                                                                                                                                                                                                                                                      
as l,l+114                                                                                                                                                                                                                                                
goto 1111                                                                                                                                                                                                                                                 
